00000000000000000000000000000000000000000000000000000000000000000000000000000000000000000000000000000000000000000000000000000000
00000000000001111111100000000001111000000001111110000000111110001111111111100000000111000000000000000000000000000000000000000000
00000000001111111111110000000011111000000001111100000001111110001111111111100000001000110000000000000000000000000000000000000000
00000000111110000000110000000111111000000001111100000001111100001110000000000000010000011000000000000000000000000000000000000000
00000001111000000000000000001110111000000011111100000011111100011100000000000000010001100100000000000000000000000000000000000000
00000011100000000000000000011100111000000011111100000111011100011100000000000000101111000010000000000000000000000110000000110000
00000111000000000000000000111100111100000111011100001111111000011000000000000001000110000010000000000000000000001001000001001000
00001111000000000000000001111000111100000111011100001110111000111000000000000011100011000101000000000000000000111001111111001110
00001110000000111111000011110000011100000110011100011100110000111111111110000010011101101101000000000000000000100110000000110010
00001110000000111110000011111111111100001110011100111001110001111111111100000010001000011111000000000000000000100000000000000010
00011100000000001110000111111111111100001110011100111001100001100000000000000011101000111111000000000000000000010000000000000010
00011100000000011100001110000000011100011100011101110011100011100000000000000011111111111111000000000000000000001101111000001100
00011100000000011100011100000000011100011100011111100011100011100000000000000001111111111110000000000000000000000010000100010000
00011110000000111000111000000000011100011000011111100011000011000000000000000000111111111000000000000000000000000010000100010000
00001111000001111001110000000000011100111000011111000111000111000000000000000000001111000000000000000000000000000010000100010000
00001111111111110011110000000000011100111000011110000110000111111111110000000000000000000000000001111110000000000001111111100000
00000011111111000111100000000000011101110000011110001110001111111111110000000000000000000000000001000001110000000000000000000000
00000000000000000000000000000000000000000000000000000000000000000000000000000000000000000000000000100001111000000000000000000000
00000000000000000000000000000000000000000000000000000000000000000000000000000000000110000011110000010001111100000000000000000000
00000000000000000000000000000000000000000000000000000000000000000000000000000000000001110100001000001000000011100000000000000000
00000000000000000000000000000000000000000000000000000000000000000000000000000000000000111000000100000100000000011000000000000000
00000000000000000000000000000000000000000000000000000000000000000000000000000000000001000000000010000010000000000110000000000000
00000000000000000000000000000000000000000000000000000000000000000000000000000000000010000000000001000011111111111111000000000000
00000000000000000000000000000000000000000000000000000000000000000000000000000000000010000000000000100010001000001000100000000000
00000000000000000000000000000000000000000000000000000000000000000000000000000000000011111111111111100001111010101111100000000000
00000000000000000000000000000000000000000000000000000000000000000000000000000000000010100000100000010000000100010000000000000000
00000000000000000000000000000000000000000000000000000000000000000000000000000000000011101010111111110000000011100000000000000000
00000000000000000000000000000000000000000000000000000000000000000000000000000000000000010001000000000000000000000000000000000000
00000000000000000000000000000000000000000000000000000000000000000000000000000000000000001110000000000000000000000000000000000000
00000000000011111110000001111000000000001110111111111111000111111111100000000000000000000000000000000000000000000000000000000000
00000000001111111111100000111000000000011100111111111111000111111111110000000000000000000000000000000000000000000000000000000000
00000000111100000111110000111000000000111000111000000000000111000001110000000000000000000000000000000000000000000000000000000000
00000001110000000001110000111000000001110001110000000000001110000001110000000000000000000000000000000000000000000000000000000000
00000011100000000001110000111000000011110001110000000000001110000001110000000000000000000000000000000000011000000011000000000000
00000111000000000001110000111000000011100001100000000000001100000011100000000000000111000000000000000000100100000100100000000000
00001110000000000001110000111000000111000011100000000000011100000011100000000000001000110000000000000011100111111100111000000000
00001110000000000001110000111000001110000011111111111000011000001110000000000000010000011000000000000010011000000011001000000000
00001110000000000001110000111000011100000111111111110000111001111100000000000000010001100100000000000010000000000000001000000000
00011100000000000011100000111000111100000110000000000000111001110000000000000000101111000010000000000001000000000000001000000000
00011100000000000111000000111001111000001110000000000000110001111000000000000001000110000010000000000000110111100000110000000000
00011100000000000111000000111001110000001110000000000001110000111000000000000011100011000101000000000000001000010001000000000000
00011110000000011110000000111011100000001100000000000001100000111000000000000010011101101101000000000000001000010001000000000000
00001111000001111100000000111111000000011100000000000011100000111000000000000010001000011111000000000000001000010001000000000000
00000111111111110000000000111110000000011111111111000011100000111100000000000011101000111111000000000000000111111110000000000000
00000011111111000000000000111110000000111111111111000111000000011100000000000011111111111111000000000000000000000000000000000000
00000000000000000000000000000000000000000000000000000000000000000000000000000001111111111110000000000000000000000000000000000000
00000000000000000000000000000000000000000000000000000000000000000000000000000000111111111000000000000000000000000000000000000000
00000000000000000000000000000000000000000000000000000000000000000000000000000000001111000000000000000000000000000000000000000000
00000000000000000000000000000000000000000000000000000000000000000000000000000000000000000000000000000000000000000000000000000000
00000000000000000000000000000000000000000000000000000000000000000000000000000000000000000000000000000000000000000000000000000000
00000000000000000000000000000000000000000000000000000000000000000000000000000000000000000000000000000000000000000000000000000000
00000000000000000000000000000000000000000000000000000000000000000000000000000000000000000000000000000000000000000000000000000000
00000000000000000000000000000000000000000000000000000000000000000000000000000000000000000000000000000000000000000000000000000000
00000000000000000000000000000000000000000000000000000000000000000000000000000000000000000000000000000000000000000000000000000000
00000000000000000000000000000000000000000000000000000000000000000000000000000000000000000000000000000000000000000000000000000000
00000000000000000000000000000000000000000000000000000000000000000000000000000000000000000000000000000000000000000000000000000000
00000000000000000000000000000000000000000000000000000000000000000000000000000000000000000000000000000000000000000000000000000000
00000000000000000000000000000000000000000000000000000000000000000000000000000000000000000000000000000000000000000000000000000000
00000000000000000000000000000000000000000000000000000000000000000000000000000000000000000000000000000000000000000000000000000000
00000000000000000000000000000000000000000000000000000000000000000000000000000000000000000000000000000000000000000000000000000000
00000000000000000000000000000000000000000000000000000000000000000000000000000000000000000000000000000000000000000000000000000000
00000000000000000000000000000000000000000000000000000000000000000000000000000000000000000000000000000000000000000000000000000000
00000000000000000000000000000000000000000000000000000000000000000000000000000000000000000000000000000000000000000000000000000000
00000000000000000000000000000000000000000000000000000000000000000000000000000000000000000000000000000000000000000000000000000000
